subject,start,end,time,target
s0,1360.52,1364.006,3.486,tool
s0,1364.006,1372.54,8.534,wb
s1,1360.51,1366.096,5.586,tool
s1,1366.096,1366.713,0.617,wb
s1,1366.713,1368.645,1.932,tool
s1,1368.645,1372.53,3.885,wb
s3,1360.52,1365.971,5.451,wb
s3,1365.971,1366.496,0.525,
s3,1366.496,1369.795,3.299,wb
s3,1369.795,1370.006,0.211,
s3,1370.006,1371.65,1.644,wb
s3,1371.65,1372.105,0.455,tool
s3,1372.105,1372.54,0.435,wb
