subject,start,end,time,target
s0,0.128,3.088,2.96,wb
s0,3.088,4.662,1.574,s3
s0,4.662,6.968,2.306,s3
s0,6.968,11.825,4.857,tool
s0,11.825,13.246,1.421,s2
s0,13.246,16.75,3.504,wb
s0,17.957,20.886,2.929,s3
s0,20.886,23.957,3.071,s2
s0,23.957,26.08,2.123,tool
s0,26.08,40.997,14.917,tool
s0,40.997,45.563,4.566,wb
s0,45.563,129.338,83.775,tool
s0,129.338,130.393,1.055,wb
s0,130.393,135.426,5.033,tool
s0,135.426,136.433,1.007,wb
s0,136.433,184.981,48.548,tool
s0,184.981,187.46,2.479,s4
s0,187.46,245.1,57.64,tool
s0,245.1,251.2,6.1,wb
s0,251.429,253.996,2.567,s3
s0,253.996,262.392,8.396,wb
s0,262.392,265.45,3.058,tool
s0,265.45,269.762,4.312,s4
s0,269.762,272.143,2.381,wb
s0,272.143,278.444,6.301,tool
s0,278.444,280.448,2.004,s3
s0,280.448,281.517,1.069,wb
s0,281.517,284.917,3.4,s3
s0,284.917,286.975,2.058,wb
s0,286.975,302.457,15.482,tool
s0,302.457,304.027,1.57,wb
s0,304.027,353.064,49.037,tool
s0,353.064,361.4,8.336,wb
s0,361.4,365.846,4.446,s3
s0,365.846,379.19,13.344,s4 tool
s0,379.19,400.13,20.94,tool
s0,400.15,402.011,1.861,wb
s0,402.011,402.589,0.578,wb
s0,402.589,405.16,2.571,tool
s0,405.16,412.368,7.208,tool
s0,412.368,416.421,4.053,wb
s0,416.421,488.683,72.262,tool
s0,488.683,491.464,2.781,wb
s0,491.464,579.68,88.216,tool
s0,579.68,582.75,3.07,wb
s0,582.75,586.488,3.738,wb
s0,586.488,588.689,2.201,s3
s0,588.689,589.605,0.916,tool
s0,589.605,603.796,14.191,tool
s0,603.796,611.901,8.105,s3
s0,611.901,612.772,0.871,s4
s0,612.772,621.133,8.361,tool
s0,621.133,622.041,0.908,wb
s0,622.041,624.706,2.665,wb
s0,624.706,632.912,8.206,tool
s0,632.912,633.932,1.02,s2
s0,633.932,671.108,37.176,tool
s0,671.108,671.964,0.856,s3
s0,671.964,673.637,1.673,s3
s0,673.637,680.361,6.724,tool
s0,680.361,681.866,1.505,wb
s0,681.866,685.421,3.555,s3
s0,685.421,688.599,3.178,tool
s0,688.599,691.4,2.801,wb
s0,691.4,694.016,2.616,tool
s0,694.016,699.452,5.436,wb
s0,699.452,700.261,0.809,s3
s0,700.261,718.622,18.361,wb
s0,718.622,729.3,10.678,s2
s0,729.3,736.529,7.229,s3
s0,736.529,738.994,2.465,wb
s0,738.994,760.033,21.039,tool
s0,760.033,766.234,6.201,wb
s0,766.234,781.379,15.145,tool
s0,781.379,782.248,0.869,wb
s0,782.248,784.287,2.039,wb
s0,784.287,796.885,12.598,tool
s0,796.885,798.859,1.974,wb
s0,798.859,803.481,4.622,wb
s0,803.481,864.553,61.072,tool
s0,864.553,870.945,6.392,wb
s0,870.945,901.134,30.189,tool
s0,901.134,909.264,8.13,wb
s0,909.264,916.892,7.628,tool
s0,916.892,922.164,5.272,wb
s0,922.164,935.391,13.227,wb
s0,935.391,937.295,1.904,s4
s0,937.295,940.235,2.94,tool
s0,940.235,941.359,1.124,wb
s0,941.359,949.572,8.213,s2
s0,949.572,1007.623,58.051,tool
s0,1007.623,1015.072,7.449,wb
s0,1015.072,1025.704,10.632,s2
s0,1025.704,1027.437,1.733,wb
s0,1027.437,1029.334,1.897,s2
s0,1029.334,1052.771,23.437,wb
s0,1052.771,1055.151,2.38,s2
s0,1055.151,1064.909,9.758,wb
s0,1064.909,1067.654,2.745,s4
s0,1067.654,1076.924,9.27,wb
s0,1076.924,1084.158,7.234,wb
s0,1084.158,1085.182,1.024,wb
s0,1085.182,1089.719,4.537,wb
s0,1089.719,1093.009,3.29,s2
s0,1093.009,1146.083,53.074,wb
s0,1146.083,1155.039,8.956,tool
s0,1155.039,1156.754,1.715,s1
s0,1156.754,1161.244,4.49,tool
s0,1161.244,1162.352,1.108,wb
s0,1162.352,1164.397,2.045,tool
s0,1164.397,1171.895,7.498,s1
s0,1171.895,1176.261,4.366,wb
s0,1176.261,1203.124,26.863,
s0,1203.124,1236.647,33.523,tool
s0,1236.647,1246.678,10.031,s1
s0,1246.678,1250.993,4.315,wb
s0,1250.993,1252.151,1.158,tool
s0,1252.151,1344.836,92.685,tool
s0,1344.836,1345.897,1.061,wb
s0,1345.897,1351.453,5.556,tool
s0,1351.453,1360.55,9.097,wb
s0,1360.55,1362.447,1.897,s3
s0,1362.447,1364.344,1.897,wb
s0,1364.344,1445.7,81.356,wb
s0,1445.7,1446.58,0.88,s3
s0,1446.58,1468.031,21.451,wb
s0,1468.031,1468.996,0.965,s3
s0,1468.996,1507.587,38.591,wb
s0,1507.587,1508.35,0.763,s1
s0,1508.35,1573.945,65.595,wb
s0,1573.945,1584.04,10.095,tool
s0,1584.04,1587.069,3.029,wb
s0,1587.069,1590.657,3.588,tool
s0,1590.657,1593.973,3.316,wb
s0,1593.973,1597.541,3.568,exp
s0,1597.541,1601.876,4.335,wb
s0,1601.876,1602.595,0.719,s2
s0,1602.595,1609.104,6.509,wb
s0,1609.104,1611.333,2.229,s3
s0,1611.333,1614.253,2.92,wb
s0,1614.253,1617.923,3.67,s2
s0,1617.923,1619.476,1.553,s3
s0,1619.476,1622.419,2.943,s2
s0,1622.419,1641.812,19.393,wb
s0,1641.812,1642.765,0.953,s4
s0,1642.765,1643.848,1.083,wb
s0,1643.848,1659.482,15.634,wb
s0,1659.482,1670.441,10.959,tool
s0,1670.441,1672.931,2.49,wb
s0,1672.931,1677.449,4.518,tool
s0,1677.449,1682.585,5.136,wb
s0,1682.585,1697.518,14.933,tool
s0,1697.518,1701.212,3.694,wb
s0,1701.212,1702.212,1,s1
s0,1702.212,1716.098,13.886,tool
s0,1716.098,1737.612,21.514,wb
s0,1737.612,1740.892,3.28,tool
s0,1740.892,1752.301,11.409,wb
s0,1752.301,1755.005,2.704,s2
s0,1755.005,1758.615,3.61,wb
s0,1758.615,1760.468,1.853,tool
s0,1760.468,1762.698,2.23,s3
s0,1762.698,1764.123,1.425,wb
s0,1764.123,1766.877,2.754,s2
s0,1766.877,1769.116,2.239,tool
s0,1769.116,1772.505,3.389,s2
s0,1772.505,1775.451,2.946,wb
s0,1775.451,1779.592,4.141,s2
s0,1779.592,1783.313,3.721,wb
s0,1783.313,1784.993,1.68,s2
s0,1784.993,1787.3,2.307,tool
s0,1787.3,1789.734,2.434,s2
s0,1789.734,1798.737,9.003,tool
s0,1798.737,1799.922,1.185,s2
s0,1799.922,1801.175,1.253,tool
s0,1801.175,1802.345,1.17,wb
s0,1802.345,1805.545,3.2,wb
s0,1805.545,1815.81,10.265,wb
s0,1815.81,1825.227,9.417,tool
s0,1825.227,1828.035,2.808,wb
s0,1828.035,1847.01,18.975,tool
s0,1847.01,1850.129,3.119,wb
s0,1850.129,1870.295,20.166,tool
s0,1870.295,1874.952,4.657,wb
s0,1874.952,1878.46,3.508,s2
s0,1878.46,1881.179,2.719,s3
s0,1881.179,1884.92,3.741,tool
s0,1884.92,1890.952,6.032,wb
s0,1890.952,1892.638,1.686,s3
s0,1892.638,1895.828,3.19,wb
s0,1895.828,1899.221,3.393,tool
s0,1899.221,1899.983,0.762,wb
s0,1899.983,1902.9,2.917,wb
s0,1902.9,1915.511,12.611,s4
s0,1915.511,1919.874,4.363,wb
s0,1919.874,1927.546,7.672,s3
s0,1927.546,1928.458,0.912,wb
s0,1928.458,1942.032,13.574,tool
s0,1942.032,1942.999,0.967,s3
s0,1942.999,1964.734,21.735,tool
s0,1964.734,1966.143,1.409,s3
s0,1966.143,1968.306,2.163,wb
s0,1968.306,1971.376,3.07,s2
s0,1971.376,1976.501,5.125,wb
s0,1976.501,1979.073,2.572,wb
s0,1979.073,1981.527,2.454,s3
s0,1981.527,1982.149,0.622,wb
s0,1982.149,1989.073,6.924,s3
s0,1989.073,1990.95,1.877,tool
s0,1990.95,1993.697,2.747,s4
s0,1993.697,2014.775,21.078,wb
s0,2014.775,2026.374,11.599,s4
s0,2026.374,2028.583,2.209,wb
s0,2028.583,2034.128,5.545,tool
s0,2034.128,2063.052,28.924,wb
s0,2063.052,2064.448,1.396,s3
s0,2064.448,2067.678,3.23,wb
s0,2067.678,2071.041,3.363,tool
s0,2071.041,2089.743,18.702,wb
s0,2089.743,2096.197,6.454,wb
s0,2096.197,2097.948,1.751,s1
s0,2097.948,2101.765,3.817,wb
s0,2101.765,2102.831,1.066,s2
s0,2102.831,2105.936,3.105,wb
s0,2105.936,2109.566,3.63,s2
s0,2109.566,2111.166,1.6,wb
s0,2111.166,2117.299,6.133,tool
s0,2117.299,2119.808,2.509,s3
s0,2119.808,2121.415,1.607,wb
s0,2121.415,2128.053,6.638,s3
s0,2128.053,2136.051,7.998,wb
s0,2136.051,2138.249,2.198,s3
s0,2138.249,2144.441,6.192,wb
s0,2144.441,2148.075,3.634,s2
s0,2148.075,2162.839,14.764,wb
s0,2162.839,2168.274,5.435,tool
s0,2168.274,2169.916,1.642,wb
s0,2169.916,2175.623,5.707,tool
s0,2175.623,2178.028,2.405,wb
s0,2178.028,2179.316,1.288,s3
s0,2179.316,2182.404,3.088,wb
s0,2182.404,2186.471,4.067,wb
s0,2186.471,2193.402,6.931,tool
s0,2193.402,2205.757,12.355,wb
s0,2205.757,2207.737,1.98,s1
s0,2207.737,2211.248,3.511,tool
s0,2211.248,2214.079,2.831,wb
s0,2214.079,2216.127,2.048,s1
s0,2216.127,2221.929,5.802,tool
s0,2221.929,2224.074,2.145,wb
s0,2224.074,2227.59,3.516,s1
s0,2227.59,2230.791,3.201,s2
s0,2230.791,2232.881,2.09,tool
s0,2232.881,2240.262,7.381,wb
s0,2240.262,2242.443,2.181,s3
s0,2242.443,2261.023,18.58,wb
s0,2261.023,2262.627,1.604,s4
s0,2262.627,2271.373,8.746,wb
s0,2271.373,2272.615,1.242,tool
s0,2272.615,2279.07,6.455,wb
s0,2279.07,2280.308,1.238,s2
s0,2280.308,2284.613,4.305,wb
s0,2284.613,2285.6,0.987,tool
s0,2285.6,2296.496,10.896,wb
s0,2296.496,2300.774,4.278,tool
s0,2300.774,2306.041,5.267,wb
s0,2306.041,2307.49,1.449,s2
s0,2307.49,2311.453,3.963,wb
s0,2311.453,2314.019,2.566,s4
s0,2314.019,2324.587,10.568,wb
s0,2324.587,2326.898,2.311,s4
s0,2326.898,2350.716,23.818,tool
s0,2350.716,2354.893,4.177,s4
s0,2354.893,2375.568,20.675,wb
s0,2375.568,2377.258,1.69,tool
s0,2377.258,2408.943,31.685,wb
s0,2408.943,2412.003,3.06,tool
s0,2412.003,2419.79,7.787,wb
s0,2419.79,2423.193,3.403,tool
s0,2423.193,2433.595,10.402,wb
s0,2433.595,2435.559,1.964,s2
s0,2435.559,2440.193,4.634,tool
s0,2440.193,2441.164,0.971,s3
s0,2441.164,2448.333,7.169,tool
s0,2448.333,2449.197,0.864,s3
s0,2449.197,2459.252,10.055,wb
s0,2459.252,2464.954,5.702,tool
s0,2464.954,2466.123,1.169,wb
s0,2466.123,2480.282,14.159,tool
s0,2480.282,2481.465,1.183,wb
s0,2481.465,2486.897,5.432,tool
s0,2486.897,2491.285,4.388,wb
s0,2491.285,2494.156,2.871,wb
s0,2494.156,2502.47,8.314,wb
s0,2502.47,2505.504,3.034,tool
s0,2505.504,2508.05,2.546,wb
s0,2508.05,2509.507,1.457,s2
s0,2509.507,2510.591,1.084,wb
s0,2510.591,2515.416,4.825,tool
s0,2515.416,2518.039,2.623,wb
s0,2518.039,2519.7,1.661,s3
s0,2519.7,2532.897,13.197,wb
s0,2532.897,2534.951,2.054,tool
s0,2534.951,2536.385,1.434,wb
s0,2536.385,2538.271,1.886,s3
s0,2538.271,2540.82,2.549,tool
s0,2540.82,2544.449,3.629,s3
s0,2544.449,2546.687,2.238,tool
s0,2546.687,2551.785,5.098,wb
s0,2551.785,2553.588,1.803,s3
s0,2553.588,2582.158,28.57,wb
s0,2582.158,2583.083,0.925,s1
s0,2583.083,2596.284,13.201,wb
s0,2596.284,2596.901,0.617,s1
s0,2596.901,2600.649,3.748,tool
s0,2600.649,2603.245,2.596,wb
s0,2603.245,2606.087,2.842,s3
s0,2606.087,2610.469,4.382,wb
s1,244.96,246.051,1.091,wb
s1,246.051,248.885,2.834,tool
s1,248.885,255.687,6.802,wb
s1,255.687,257.785,2.098,tool
s1,257.785,261.703,3.918,wb
s1,261.703,266.315,4.612,tool
s1,266.315,275.212,8.897,wb
s1,275.212,278.7,3.488,tool
s1,278.7,280.4,1.7,s3
s1,280.4,282.686,2.286,wb
s1,282.686,284.12,1.434,s3
s1,284.12,285.388,1.268,s3
s1,285.388,287.339,1.951,wb
s1,287.339,290.479,3.14,s3
s1,290.479,291.819,1.34,wb
s1,291.819,298.412,6.593,s3
s1,298.412,301.795,3.383,wb
s1,301.795,307.605,5.81,s3
s1,307.605,310.733,3.128,wb
s1,379.17,389.369,10.199,tool
s1,389.369,394.658,5.289,wb
s1,394.658,396.087,1.429,s2
s1,396.087,400.141,4.054,wb
s1,2073.826,2074.373,0.547,s1
s1,2074.373,2080.633,6.26,s2
s1,2080.633,2083.11,2.477,tool
s1,2083.11,2088.306,5.196,s2
s1,2088.306,2090.943,2.637,tool
s1,2090.943,2094.043,3.1,wb
s1,2094.043,2097.548,3.505,tool
s1,2097.548,2100.01,2.462,s2
s1,2100.01,2106.065,6.055,tool
s2,245.143,251.9,6.757,wb
s2,251.9,253.214,1.314,tool
s2,253.214,264,10.786,wb
s2,264,267.365,3.365,tool
s2,267.365,274.447,7.082,wb
s2,274.447,277.061,2.614,tool
s2,277.061,278.144,1.083,wb
s2,278.144,281.118,2.974,tool
s2,281.118,284.13,3.012,wb
s2,284.13,286.563,2.433,tool
s2,286.563,287.814,1.251,s1
s2,287.814,289.002,1.188,wb
s2,289.002,291.849,2.847,wb
s2,291.849,293.324,1.475,s1
s2,293.324,302.619,9.295,wb
s2,302.619,305.127,2.508,tool
s2,305.127,306.545,1.418,wb
s2,306.545,310.795,4.25,tool
s2,379.174,381.171,1.997,tool
s2,381.171,400.19,19.019,wb
s3,245.04,257.72,12.68,s1
s3,257.72,267.354,9.634,tool
s3,267.354,277.072,9.718,wb
s3,277.072,278.15,1.078,tool
s3,278.15,278.62,0.47,s0
s3,278.62,285.297,6.677,wb
s3,285.297,288.993,3.696,s1
s3,288.993,298.444,9.451,wb
s3,298.444,303.201,4.757,s1
s3,303.201,305.181,1.98,tool
s3,305.181,308.558,3.377,wb
s3,308.558,310.713,2.155,tool
s3,379.16,383.433,4.273,wb
s3,383.433,384.359,0.926,s2
s3,384.359,399.226,14.867,wb
s4,244.96,266.304,21.344,tool
s4,266.304,267.434,1.13,s1
s4,267.434,272.592,5.158,wb
s4,272.592,298.234,25.642,tool
s4,298.234,300.071,1.837,wb
s4,300.071,301.435,1.364,s3
s4,301.435,303.135,1.7,wb
s4,303.135,304.522,1.387,s3
s4,304.522,305.572,1.05,wb
s4,305.572,307.299,1.727,s1
s4,307.299,310.741,3.442,tool
s4,379.17,400.192,21.022,tool
