tStart,time,subject
5.355,2.553,s0
7.908,8.05,s0
15.958,5.457,s3
21.415,9.436,s0
30.851,3.222,s0
34.073,2.142,s0
36.215,9.008,s1
45.223,5.277,s0
50.5,4.173,s1
54.673,2.542,s3
82.508,4.232,s3
86.74,6.165,s0
92.905,4.821,s1
97.726,2.63,s0
100.356,4.187,s0
104.543,2.417,s3
128.85,6.103,s3
134.953,4.197,s1
139.15,3.8,s1
142.95,2.14,s0
145.09,8.978,s0
154.068,1.805,s3
164.136,4.889,s0
174.24,6.053,s0
189.661,2.487,s0
192.148,5.51,s0
197.658,2.715,s0
200.373,4.57,s3
204.943,3.042,s0
207.985,5.44,s1
213.425,6.626,s3
220.051,3.572,s0
223.623,6.875,s0
230.498,3.045,s0
233.543,7.793,s0
241.336,8.167,s0
249.503,8.605,s0
260.536,2.747,s0
263.283,2.94,s0
266.223,2.653,s3
268.876,3.679,s3
272.555,2.761,s0
275.316,2.384,s1
277.7,4.565,s3
282.265,7.703,s3
289.968,1.688,s0
291.656,4.422,s3
296.078,5.093,s0
301.171,4.135,s0
305.306,1.85,s1
307.156,9.089,s0
316.245,3.965,s0
324.2,4.811,s3
334.898,6.702,s0
341.6,3.08,s1
344.68,3.893,s0
348.573,6.625,s0
355.198,4.3,s1
359.498,5.572,s0
365.07,2.161,s3
367.231,3.735,s3
373.02,6.026,s1
379.046,4.14,s1
383.186,8.205,s0
395.098,5.375,s1
400.473,10.127,s0
417.521,7.659,s3
425.18,6.221,s0
431.401,4.212,s1
435.613,7.563,s0
443.176,4.107,s1
447.283,2.862,s1
450.145,6.471,s0
456.616,3.877,s0
463.715,5.025,s0
468.74,6.21,s0
474.95,6.75,s0
481.7,5.285,s0
488.826,5.664,s1
494.49,13.293,s3
507.783,5.403,s0
526.725,7.815,s1
534.54,2.523,s0
537.063,6.813,s0
543.876,4.594,s0
548.47,3.716,s3
552.186,3.389,s1
555.575,5.333,s1
560.908,7.827,s0
568.735,8.701,s1
584.005,11.135,s0
595.14,10.04,s0
605.18,4.29,s0
629.311,3.844,s0
633.155,8.1,s0
641.255,2.228,s0
643.483,4.548,s0
648.031,1.987,s0
650.018,1.717,s0
651.735,6.446,s0
658.181,2.087,s0
660.268,10.763,s0
671.031,2.17,s1
673.201,13.05,s0
686.251,6.572,s1
693.048,2.758,s0
695.806,3.354,s0
699.16,2.52,s0
701.68,9.828,s3
711.508,1.81,s0
713.318,3.248,s0
719.838,4.782,s1
724.62,4.791,s1
729.411,2.724,s0
732.135,5.298,s0
737.433,6.11,s0
753.116,6.749,s0
759.865,2.275,s0
762.14,5.478,s3
767.618,2.915,s0
770.533,3.465,s0
773.998,4.248,s0
778.246,4.165,s1
782.411,5.177,s1
787.588,5.632,s3
793.22,4.56,s0
797.78,3.08,s0
800.86,6.261,s0
807.121,2.334,s3
809.455,2.598,s3
812.053,5.083,s0
817.136,5.004,s0
822.14,13.743,s3
835.883,4.27,s0
840.153,6.21,s0
846.363,6.43,s0
852.793,4.423,s1
857.216,2.824,s1
860.04,2.001,s1
862.041,12.127,s1
874.168,6.048,s3
880.216,6.474,s0
886.69,7.783,s0
894.473,11.038,s1
909.273,4.597,s1
913.87,5.411,s1
919.281,7.725,s1
927.006,4.61,s0
931.616,3.794,s0
935.41,5.228,s0
940.638,6.055,s1
946.693,4.01,s1
950.703,4.897,s1
958.625,5.181,s1
963.806,3.039,s1
966.845,3.541,s1
970.386,8.97,s1
979.356,3.884,s0
983.24,9.175,s0
992.415,3.031,s0
995.446,4.477,s0
999.923,5.8,s1
1005.723,2.668,s0
1008.391,1.664,s1
1010.055,2.54,s0
1012.595,1.006,s3
1013.601,2.587,s3
1016.188,4.333,s0
1020.521,6.544,s0
1027.065,4.586,s0
1031.651,1.864,s1
1033.515,7.155,s3
1040.67,3.813,s3
1044.483,9.442,s0
1053.925,8.28,s3
1062.205,13.033,s0
1075.238,5.868,s0
1081.106,11.189,s0
1092.295,3.845,s0
1096.14,1.26,s3
1097.4,8.611,s0
1106.011,2.544,s0
1108.555,3.483,s0
1115.881,5.56,s3
1121.441,1.714,s0
1123.155,10.956,s0
1134.111,1.369,s0
1135.48,2.711,s0
1138.191,4.237,s1
1142.428,0.843,s0
1143.271,2.735,s0
1146.006,4.627,s3
1150.633,12.417,s0
1163.05,8.533,s0
1171.583,4.633,s0
1176.216,5.72,s1
1181.936,9.855,s1
1191.791,2.37,s3
1194.161,6.145,s1
1200.306,9.719,s0
1210.025,5.556,s0
1229.475,2.401,s3
1231.876,0.287,s1
1232.163,4.695,s0
1236.858,1.493,s0
1286.873,1.35,s3
1288.223,1.948,s3
1290.171,6.61,s3
1296.781,5.489,s1
1306.356,6.867,s3
1313.223,1.587,s0
1314.81,4.163,s1
1318.973,8.38,s0
1327.353,5.705,s1
1335.4,3.093,s0
1338.493,4.398,s1
1360.521,4.267,s0
1364.788,1.332,s3
1366.12,2.57,s3
1368.69,3.843,s3
1394.068,3.998,s0
1398.066,7.424,s0
1406.345,10.103,s0
1416.448,4.505,s0
1420.953,4.71,s0
1425.663,7.17,s1
1432.833,4.922,
1437.755,9.68,s1
1447.435,5.94,
1453.375,3.12,s3
1456.495,0.658,
1457.153,7.64,s3
1464.793,0.465,
1465.258,6.037,s0
1471.295,0.918,
1472.213,5.145,s0
1477.358,1.577,
1478.935,15.095,s3
1494.03,5.406,
1526.13,5.543,s0
1531.673,8.377,s1
1540.05,6.925,s3
1546.975,10.553,s0
1557.528,3.88,s0
1561.408,14.797,s1
1576.205,23.475,
1599.68,9.236,s3
1608.916,10.874,s0
1619.79,3.858,s0
1623.648,13.402,
1637.05,17.243,s0
1654.293,4.847,s3
1659.14,3.818,s3
1662.958,1.807,s3
1664.765,6.188,s3
1670.953,17.143,s3
1688.096,9.42,s0
1697.516,11.874,s0
1709.39,2.248,
1711.638,3.69,s0
1715.328,6.727,s0
1722.055,2.086,
1724.141,12.875,s0
1737.016,1.634,
1738.65,5.926,s3
1744.576,6.99,
1751.566,6.734,s3
1758.3,0.985,
1759.285,6.738,s3
1766.023,14.68,s3
1780.703,23.503,s0
1804.206,8.394,s0
1812.6,6.06,s0
1818.66,2.153,
1820.813,2.422,s0
1823.235,2.078,
1825.313,18.175,s3
1843.488,8.08,s3
1851.568,6.26,s3
1857.828,11.475,s0
1869.303,4.51,
1873.813,14.07,s1
1887.883,12.215,s1
1900.098,7.802,s0
1907.9,3.871,
1911.771,8.814,s0
1920.585,14.323,s1
1934.908,12.362,s3
1947.27,4.466,s3
1951.736,3.08,
1954.816,9.419,s0
1964.235,7.485,s0
1971.72,3.75,s0
1975.47,6.305,
1981.775,6.601,s3
1988.376,1.085,
1989.461,16.995,s0
2006.456,6.424,s0
2012.88,4.69,s1
2017.57,5.54,s0
2023.11,3.073,
2026.183,8.537,s0
2034.72,5.718,s1
2040.438,12.898,s0
2053.336,12.504,s0
2065.84,5.495,s0
2071.335,12.688,s3
2084.023,15.037,s0
2099.06,1.53,
2100.59,5.693,s0
2106.283,6.975,
2113.258,8.702,s0
2121.96,11.8,s0
2133.76,10.898,s1
2144.658,8.092,s0
2152.75,10.68,s0
2163.43,5.603,
2169.033,8.115,s0
2177.148,5.733,s3
2182.881,5.144,
2193.143,9.785,s3
2202.928,3.837,s3
2206.765,8.746,s3
2215.511,4.857,s3
2220.368,5.288,s3
2225.656,3.464,s3
2229.12,6.26,s0
2235.38,4.923,s0
2240.303,10.625,s3
2250.928,5.732,s1
2256.66,1.03,
2257.69,3.753,s0
2261.443,9.053,s0
2270.496,1.447,
2271.943,4.41,s0
2276.353,2.293,
2278.646,10.717,s0
2289.363,6.248,s3
2295.611,4.092,s0
2299.703,2.76,s0
2302.463,5.753,s0
2308.216,5.85,s0
2314.066,6.129,
2320.195,9.896,s3
2330.091,10.67,s3
2340.761,6.097,s0
2346.858,5.443,s0
2352.301,6.517,s0
2358.818,6.682,s3
2365.5,2.343,s0
2367.843,2.543,s3
2370.386,15.179,s1
2385.565,10.015,s0
2395.58,1.785,s0
2397.365,1.828,
2399.193,2.727,s0
2401.92,2.548,s0
2404.468,3.497,s3
2407.965,3.143,s3
2411.108,2.192,s3
2413.3,7.988,s0
2421.288,4.145,s3
2425.433,7.173,s3
2432.606,3.11,s3
2435.716,8.795,s3
2444.511,7.249,s3
2451.76,9.415,s1
2461.175,4.341,s3
2465.516,2.009,
2467.525,2.2,s3
2469.725,5.485,s0
2475.21,9.481,s3
2484.691,2.53,
2487.221,9.427,s0
2496.648,4.03,s0
2500.678,3.237,s3
2503.915,6.166,s0
2510.081,5.974,s0
2516.055,6.226,s0
2522.281,7.272,s3
2529.553,3.75,s3
2533.303,2.637,s3
2535.94,1.888,s3
2537.828,1.823,
2539.651,1.337,s0
2540.988,5.782,s3
2546.77,3.426,s3
2550.196,7.137,
2557.333,6.05,s0
2563.383,5.005,s3
2568.388,6.058,s1
2574.446,5.857,s3
2580.303,11.072,s3
2591.375,4.283,s3
2595.658,4.078,s0
2599.736,7.987,s3
2607.723,1.568,
2609.291,4.149,
2613.44,1.811,
2615.251,6.129,s0
2621.38,2.886,s3
2624.266,1.342,
2625.608,4.368,s0
2629.976,13.717,s3
2643.693,2.91,
2646.603,7.263,s1
2653.866,3.39,s1
2657.256,8.82,s3
2666.076,1.009,
2667.085,14.73,s3
2681.815,11.086,s0
2692.901,6.284,s0
2699.185,10.773,s0
2709.958,6.358,s0
2716.316,8.04,s0
2724.356,5.46,s0
