subject,start,end,time,target
s0,1180.46,1190.14,9.68,wb
s0,1190.14,1191.786,1.646,tool
s0,1191.786,1203.75,11.964,wb
s1,1180.47,1183.288,2.818,wb
s1,1183.288,1186.365,3.077,tool
s1,1186.365,1190.753,4.388,s3
s1,1190.753,1203.444,12.691,wb
s2,1180.519,1203.603,23.084,wb
s3,1180.46,1186.815,6.355,wb
s3,1186.815,1189.879,3.064,s0
s3,1189.879,1202.362,12.483,wb
s3,1202.362,1203.749,1.387,tool
